$ 0 0.000005 10.20027730826997 50 5 43
r 320 160 320 256 0 680
v 96 160 96 256 0 1 50 325.243 0 0 0.5
215 176 224 288 224 0 2 i
w 96 256 176 256 0
r 96 160 176 160 0 820000
w 176 160 176 224 0
w 320 160 288 160 0
w 288 160 272 224 0
w 272 256 320 256 0
w 464 256 528 256 0
w 464 160 528 160 0
g 432 208 432 224 0 0
p 528 160 528 80 1 0 0
r 368 160 368 208 0 1000
r 368 256 368 208 0 1000
w 320 160 368 160 0
w 320 256 368 256 0
w 368 208 432 208 0
p 528 256 528 336 1 0 0
r 368 160 464 160 0 300
r 368 256 464 256 0 300
c 464 160 464 256 0 2.7e-8 -0.0983393173856951 0.001
o 12 64 0 4098 0.15625 0.1 0 1
o 18 64 0 20482 0.15625 0.1 1 1
